bash: cannot set terminal process group (22058): Inappropriate ioctl for device
bash: no job control in this shell
Cloning into 'COVID-19'...
Traceback (most recent call last):
  File "make_pickle.py", line 324, in <module>
    status, df=make_pickle()
  File "make_pickle.py", line 294, in make_pickle
    status, df = build_df(cases_lines, death_lines, us_cases_lines, us_death_lines, keep_index)
  File "make_pickle.py", line 115, in build_df
    list1 = transpose(death_lines)
  File "make_pickle.py", line 49, in transpose
    deaths_or_cases[i]=line[idate+4]
ValueError: invalid literal for int() with base 10: '1529.0'
01001
01003
01005
01007
01009
01011
01013
01015
01017
01019
01021
01023
01025
01027
01029
01031
01033
01035
01037
01039
01041
01043
01045
01047
01049
01051
01053
01055
01057
01059
01061
01063
01065
01067
01069
01071
01073
01075
01077
01079
01081
01083
01085
01087
01089
01091
01093
01095
01097
01099
01101
01103
80001
01105
01107
01109
01111
01113
01117
01115
01119
01121
01123
01125
90001
01127
01129
01131
01133
02013
02016
02020
02050
02060
02164
02068
02070
02090
02100
02105
02110
02122
02130
02150
02158
02170
02180
02185
02188
80002
02195
02198
02220
02230
02240
90002
02261
02275
02282
02290
00060
04001
04003
04005
04007
04009
04011
04012
04013
04015
04017
80004
04019
04021
04023
90004
04025
04027
05001
05003
05005
05007
05009
05011
05013
05015
05017
05019
05021
05023
05025
05027
05029
05031
05033
05035
05037
05039
05041
05043
05045
05047
05049
05051
05053
05055
05057
05059
05061
05063
05065
05067
05069
05071
05073
05075
05077
05079
05081
05083
05085
05087
05089
05091
05093
05095
05097
05099
05101
05103
80005
05105
05107
05109
05111
05113
05115
05117
05119
05121
05125
05127
05129
05131
05133
05135
05123
05137
90005
05139
05141
05143
05145
05147
05149
06001
06003
06005
06007
06009
06011
06013
06015
06017
06019
06021
06023
06025
06027
06029
06031
06033
06035
06037
06039
06041
06043
06045
06047
06049
06051
06053
06055
06057
06059
80006
06061
06063
06065
06067
06069
06071
06073
06075
06077
06079
06081
06083
06085
06087
06089
06091
06093
06095
06097
06099
06101
06103
06105
06107
06109
90006
06111
06113
06115
08001
08003
08005
08007
08009
08011
08013
08014
08015
08017
08019
08021
08023
08025
08027
08029
08031
08033
08035
08037
08041
08039
08043
08045
08047
08049
08051
08053
08055
08057
08059
08061
08063
08067
08065
08069
08071
08073
08075
08077
08079
08081
08083
08085
08087
08089
08091
80008
08093
08095
08097
08099
08101
08103
08105
08107
08109
08111
08113
08115
08117
08119
90008
08121
08123
08125
09001
09003
09005
09007
09009
09011
80009
09013
90009
09015
10001
10003
80010
10005
90010
88888
11001
80011
90011
12001
12003
12005
12007
12009
12011
12013
12015
12017
12019
12021
12023
12027
12029
12031
12033
12035
12037
12039
12041
12043
12045
12047
12049
12051
12053
12055
12057
12059
12061
12063
12065
12067
12069
12071
12073
12075
12077
12079
12081
12083
12085
12086
12087
12089
12091
12093
12095
12097
80012
12099
12101
12103
12105
12107
12113
12115
12117
12109
12111
12119
12121
12123
90012
12125
12127
12129
12131
12133
13001
13003
13005
13007
13009
13011
13013
13015
13017
13019
13021
13023
13025
13027
13029
13031
13033
13035
13037
13039
13043
13045
13047
13049
13051
13053
13055
13057
13059
13061
13063
13065
13067
13069
13071
13073
13075
13077
13079
13081
13083
13085
13089
13087
13091
13093
13095
13097
13099
13101
13103
13105
13107
13109
13111
13113
13115
13117
13119
13121
13123
13125
13127
13129
13131
13133
13135
13137
13139
13141
13143
13145
13147
13149
13151
13153
13155
13157
13159
13161
13163
13165
13167
13169
13171
13173
13175
13177
13179
13181
13183
13185
13187
13193
13195
13197
13189
13191
13199
13201
13205
13207
13209
13211
13213
13215
13217
13219
13221
80013
13223
13225
13227
13229
13231
13233
13235
13237
13239
13241
13243
13245
13247
13249
13251
13253
13255
13257
13259
13261
13263
13265
13267
13269
13271
13273
13275
13277
13279
13281
13283
13285
13287
13289
90013
13291
13293
13295
13297
13299
13301
13303
13305
13307
13309
13311
13313
13315
13317
13319
13321
99999
00066
15001
15003
15005
15007
15009
80015
90015
16001
16003
16005
16007
16009
16011
16013
16015
16017
16019
16021
16023
16025
16027
16029
16031
16033
16035
16037
16039
16041
16043
16045
16047
16049
16051
16053
16055
16057
16059
16061
16063
16065
16067
16069
16071
80016
16073
16075
16077
16079
16081
16083
90016
16085
16087
17001
17003
17005
17007
17009
17011
17013
17015
17017
17019
17021
17023
17025
17027
17029
17031
17033
17035
17039
17037
17041
17043
17045
17047
17049
17051
17053
17055
17057
17059
17061
17063
17065
17067
17069
17071
17073
17075
17077
17079
17081
17083
17085
17087
17089
17091
17093
17095
17099
17097
17101
17103
17105
17107
17115
17117
17119
17121
17123
17125
17127
17109
17111
17113
17129
17131
17133
17135
17137
17139
17141
80017
17143
17145
17147
17149
17151
17153
17155
17157
17159
17161
17165
17167
17169
17171
17173
17163
17175
17177
17179
90017
17181
17183
17185
17187
17189
17191
17193
17195
17197
17199
17201
17203
18001
18003
18005
18007
18009
18011
18013
18015
18017
18019
18021
18023
18025
18027
18033
18029
18031
18035
18037
18039
18041
18043
18045
18047
18049
18051
18053
18055
18057
18059
18061
18063
18065
18067
18069
18071
18073
18075
18077
18079
18081
18083
18085
18087
18091
18089
18093
18095
18097
18099
18101
18103
18105
18107
18109
18111
18113
18115
18117
80018
18119
18121
18123
18125
18127
18129
18131
18133
18135
18137
18139
18143
18145
18147
18141
18149
18151
18153
18155
18157
18159
90018
18161
18163
18165
18167
18169
18171
18173
18175
18177
18179
18181
18183
19001
19003
19005
19007
19009
19011
19013
19015
19017
19019
19021
19023
19025
19027
19029
19031
19033
19035
19037
19039
19041
19043
19045
19047
19049
19051
19053
19055
19057
19059
19061
19063
19065
19067
19069
19071
19073
19075
19077
19079
19081
19083
19085
19087
19089
19091
19093
19095
19097
19099
19101
19103
19105
19107
19109
19111
19113
19115
19117
19119
19121
19123
19125
19127
19129
19131
19133
19135
19137
19139
19141
19143
80019
19145
19147
19149
19151
19153
19155
19157
19159
19161
19163
19165
19167
19169
19171
19173
90019
19175
19177
19179
19181
19183
19185
19187
19189
19191
19193
19195
19197
20001
20003
20005
20007
20009
20011
20013
20015
20017
20019
20021
20023
20025
20027
20029
20031
20033
20035
20037
20039
20041
20043
20045
20047
20049
20051
20053
20055
20057
20059
20061
20063
20065
20067
20069
20071
20073
20075
20077
20079
20081
20083
20085
20087
20089
20091
20093
20095
20097
20099
20101
20103
20105
20107
20109
20111
20115
20117
20113
20119
20121
20123
20125
20127
20129
20131
20133
20135
20137
20139
20141
20143
80020
20145
20147
20149
20151
20153
20155
20157
20159
20161
20163
20165
20167
20169
20171
20173
20175
20177
20179
20181
20183
20185
20187
20189
20191
20193
20195
90020
20197
20199
20201
20203
20205
20207
20209
21001
21003
21005
21007
21009
21011
21013
21015
21017
21019
21021
21023
21025
21027
21029
21031
21033
21035
21037
21039
21041
21043
21045
21047
21049
21051
21053
21055
21057
21059
21061
21063
21065
21067
21069
21071
21073
21075
21077
21079
21081
21083
21085
21087
21089
21091
21093
21095
21097
21099
21101
21103
21105
21107
21109
21111
21113
21115
21117
21119
21121
21123
21125
21127
21129
21131
21133
21135
21137
21139
21141
21143
21151
21153
21155
21157
21159
21161
21145
21147
21149
21163
21165
21167
21169
21171
21173
21175
21177
21179
21181
21183
21185
80021
21187
21189
21191
21193
21195
21197
21199
21201
21203
21205
21207
21209
21211
21213
21215
21217
21219
21221
21223
90021
21225
21227
21229
21231
21233
21235
21237
21239
22001
22003
22005
22007
22009
22011
22013
22015
22017
22019
22021
22023
22025
22027
22029
22031
22033
22035
22037
22039
22041
22043
22045
22047
22049
22051
22053
22059
22055
22057
22061
22063
22065
22067
22069
22071
22073
80022
22075
22077
22079
22081
22083
22085
22087
22089
22091
22093
22095
22097
22099
22101
22103
22105
22107
22109
90022
22111
22113
22115
22117
22119
22121
22123
22125
22127
23001
23003
23005
23007
23009
23011
23013
23015
80023
23017
23019
23021
23023
23025
90023
23027
23029
23031
24001
24003
24005
24510
24009
24011
24013
24015
24017
24019
24021
24023
24025
24027
24029
24031
80024
24033
24035
24039
24037
24041
90024
24043
24045
24047
25001
25003
25005
25007
25009
25011
25013
25015
25017
25019
25021
80025
25023
25025
90025
25027
26001
26003
26005
26007
26009
26011
26013
26015
26017
26019
26021
26023
26025
26027
26029
26031
26033
26035
26037
26039
26041
26043
26045
26047
26049
26051
26053
26055
26057
26059
26061
26063
26065
26067
26069
26071
26073
26075
26077
26079
26081
26083
26085
26087
26089
26091
26093
26095
26097
26099
26101
26103
26105
26107
26109
26111
26113
26115
26117
26119
26121
26123
26125
26127
26129
26131
26133
26135
26137
26139
80026
26141
26143
26145
26151
26153
26155
26147
26149
26157
90026
26159
26161
26163
26165
27001
27003
27005
27007
27009
27011
27013
27015
27017
27019
27021
27023
27025
27027
27029
27031
27033
27035
27037
27039
27041
27043
27045
27047
27049
27051
27053
27055
27057
27059
27061
27063
27065
27067
27069
27071
27073
27075
27077
27079
27081
27083
27087
27089
27091
27085
27093
27095
27097
27099
27101
27103
27105
27107
27109
27111
80027
27113
27115
27117
27119
27121
27123
27125
27127
27129
27131
27133
27135
27139
27141
27143
27137
27145
27147
27149
27151
27153
27155
90027
27157
27159
27161
27163
27165
27167
27169
27171
27173
28001
28003
28005
28007
28009
28011
28013
28015
28017
28019
28021
28023
28025
28027
28029
28031
28033
28035
28037
28039
28041
28043
28045
28047
28049
28051
28053
28055
28057
28059
28061
28063
28065
28067
28069
28071
28073
28075
28077
28079
28081
28083
28085
28087
28089
28091
28093
28095
28097
28099
28101
28103
28105
80028
28107
28109
28111
28113
28115
28117
28119
28121
28123
28125
28127
28129
28131
28133
28135
28137
28139
28141
28143
90028
28145
28147
28149
28151
28153
28155
28157
28159
28161
28163
29001
29003
29005
29007
29009
29011
29013
29015
29017
29019
29021
29023
29025
29027
29029
29031
29033
29035
29037
29039
29041
29043
29045
29047
29049
29051
29053
29055
29057
29059
29061
29063
29065
29067
29069
29071
29073
29075
29077
29079
29081
29083
29085
29087
29089
29091
29093
29095
29097
29099
29101
29103
29105
29107
29109
29111
29113
29115
29117
29121
29123
29125
29127
29119
29129
29131
29133
29135
29137
29139
29141
29143
29145
29147
29149
29151
80029
29153
29155
29157
29159
29161
29163
29165
29167
29169
29171
29173
29175
29177
29179
29181
29195
29197
29199
29201
29203
29205
29183
29185
29187
29189
29510
29186
29207
29209
29211
29213
29215
90029
29217
29219
29221
29223
29225
29227
29229
30001
30003
30005
30007
30009
30011
30013
30015
30017
30019
30021
30023
30025
30027
30029
30031
30033
30035
30037
30039
30041
30043
30045
30047
30049
30051
30053
30057
30055
30059
30061
30063
30065
80030
30067
30069
30071
30073
30075
30077
30079
30081
30083
30085
30087
30089
30091
30093
30095
30097
30099
30101
30103
90030
30105
30107
30109
30111
31001
31003
31005
31007
31009
31011
31013
31015
31017
31019
31021
31023
31025
31027
31029
31031
31033
31035
31037
31039
31041
31043
31045
31047
31049
31051
31053
31055
31057
31059
31061
31063
31065
31067
31069
31071
31073
31075
31077
31079
31081
31083
31085
31087
31089
31091
31093
31095
31097
31099
31101
31103
31105
31107
31109
31111
31113
31115
31119
31117
31121
31123
31125
31127
31129
31131
80031
31133
31135
31137
31139
31141
31143
31145
31147
31149
31151
31153
31155
31157
31159
31161
31163
31165
31167
31169
31171
31173
90031
31175
31177
31179
31181
31183
31185
32510
32001
32003
32005
32007
32009
32011
32013
32015
32017
32019
32021
32023
80032
32027
32029
90032
32031
32033
33001
33003
33005
33007
33009
33011
33013
80033
33015
33017
33019
90033
34001
34003
34005
34007
34009
34011
34013
34015
34017
34019
34021
34023
34025
34027
34029
80034
34031
34033
34035
34037
90034
34039
34041
35001
35003
35005
35006
35007
35009
35011
35013
35015
35017
35019
35021
35023
35025
35027
35028
35029
35031
35033
35035
80035
35037
35039
35041
35045
35047
35043
35049
35051
35053
35055
35057
90035
35059
35061
36001
36003
36005
36007
36009
36011
36013
36015
36017
36019
36021
36023
36025
36027
36029
36031
36033
36035
36037
36039
36041
36043
36045
36047
36049
36051
36053
36055
36057
36059
36061
36063
36065
36067
36069
36071
36073
36075
36077
80036
36079
36081
36083
36085
36087
36091
36093
36095
36097
36099
36089
36101
36103
36105
36107
36109
36111
90036
36113
36115
36117
36119
36121
36123
37001
37003
37005
37007
37009
37011
37013
37015
37017
37019
37021
37023
37025
37027
37029
37031
37033
37035
37037
37039
37041
37043
37045
37047
37049
37051
37053
37055
37057
37059
37061
37063
37065
37067
37069
37071
37073
37075
37077
37079
37081
37083
37085
37087
37089
37091
37093
37095
37097
37099
37101
37103
37105
37107
37109
37113
37115
37117
37111
37119
37121
37123
37125
37127
37129
37131
37133
37135
80037
37137
37139
37141
37143
37145
37147
37149
37151
37153
37155
37157
37159
37161
37163
37165
37167
37169
37171
37173
37175
37177
90037
37179
37181
37183
37185
37187
37189
37191
37193
37195
37197
37199
38001
38003
38005
38007
38009
38011
38013
38015
38017
38019
38021
38023
38025
38027
38029
38031
38033
38035
38037
38039
38041
38043
38045
38047
38049
38051
38053
38055
38057
38059
38061
38063
38065
80038
38067
38069
38071
38073
38075
38077
38079
38081
38083
38085
38087
38089
38091
38093
38095
38097
90038
38099
38101
38103
38105
00069
39001
39003
39005
39007
39009
39011
39013
39015
39017
39019
39021
39023
39025
39027
39029
39031
39033
39035
39037
39039
39041
39043
39045
39047
39049
39051
39053
39055
39057
39059
39061
39063
39065
39067
39069
39071
39073
39075
39077
39079
39081
39083
39085
39087
39089
39091
39093
39095
39097
39099
39101
39103
39105
39107
39109
39111
39113
39115
39117
39119
39121
39123
80039
39125
39127
39129
39131
39133
39135
39137
39139
39141
39143
39145
39147
39149
39151
39153
39155
39157
90039
39159
39161
39163
39165
39167
39169
39171
39173
39175
40001
40003
40005
40007
40009
40011
40013
40015
40017
40019
40021
40023
40025
40027
40029
40031
40033
40035
40037
40039
40041
40043
40045
40047
40049
40051
40053
40055
40057
40059
40061
40063
40065
40067
40069
40071
40073
40075
40077
40079
40081
40083
40085
40093
40095
40097
40087
40089
40091
40099
40101
40103
40105
40107
40109
40111
40113
40115
80040
40117
40119
40121
40123
40125
40127
40129
40131
40133
40135
40137
40139
40141
40143
90040
40145
40147
40149
40151
40153
41001
41003
41005
41007
41009
41011
41013
41015
41017
41019
41021
41023
41025
41027
41029
41031
41033
41035
41037
41039
41041
41043
41045
41047
41049
41051
80041
41053
41055
41057
41059
90041
41061
41063
41065
41067
41069
41071
42001
42003
42005
42007
42009
42011
42013
42015
42017
42019
42021
42023
42025
42027
42029
42031
42033
42035
42037
42039
42041
42043
42045
42047
42049
42051
42053
42055
42057
42059
42061
42063
42065
42067
42069
42071
42073
42075
42077
42079
42081
42083
42085
42087
42089
42091
42093
42095
42097
80042
42099
42101
42103
42105
42107
42109
42111
42113
42115
42117
90042
42119
42121
42123
42125
42127
42129
42131
42133
72001
72003
72005
72007
72009
72011
72013
72015
72017
72019
72021
72023
72025
72027
72029
72031
72033
72035
72037
72039
72041
72043
72045
72047
72049
72051
72053
72054
72055
72057
72059
72061
72063
72065
72067
72069
72071
72073
72075
72077
72079
72081
72083
72085
72087
72089
72091
72093
72095
72097
72099
72101
72103
72105
72107
72888
72109
72111
72113
72115
72117
72119
72121
72123
72125
72127
72129
72131
72133
72135
72137
72139
72999
72141
72143
72145
72147
72149
72151
72153
44001
44003
44005
80044
44007
90044
44009
45001
45003
45005
45007
45009
45011
45013
45015
45017
45019
45021
45023
45025
45027
45029
45031
45033
45035
45037
45039
45041
45043
45045
45047
45049
45051
45053
45055
45057
45059
45061
45063
45067
45069
45065
45071
45073
45075
80045
45077
45079
45081
45083
45085
90045
45087
45089
45091
46003
46005
46007
46009
46011
46013
46015
46017
46019
46021
46023
46025
46027
46029
46031
46033
46035
46037
46039
46041
46043
46045
46047
46049
46051
46053
46055
46057
46059
46061
46063
46065
46067
46069
46071
46073
46075
46077
46079
46081
46083
46085
46091
46087
46089
46093
46095
46097
46099
46101
46102
80046
46103
46105
46107
46109
46111
46115
46117
46119
46121
46123
46125
90046
46127
46129
46135
46137
47001
47003
47005
47007
47009
47011
47013
47015
47017
47019
47021
47023
47025
47027
47029
47031
47033
47035
47037
47041
47039
47043
47045
47047
47049
47051
47053
47055
47057
47059
47061
47063
47065
47067
47069
47071
47073
47075
47077
47079
47081
47083
47085
47087
47089
47091
47093
47095
47097
47099
47101
47103
47105
47111
47113
47115
47117
47119
47107
47109
47121
47123
47125
47127
47129
47131
80047
47133
47135
47137
47139
47141
47143
47145
47147
47149
47151
47153
47155
47157
47159
47161
47163
47165
47167
47169
90047
47171
47173
47175
47177
47179
47181
47183
47185
47187
47189
48001
48003
48005
48007
48009
48011
48013
48015
48017
48019
48021
48023
48025
48027
48029
48031
48033
48035
48037
48039
48041
48043
48045
48047
48049
48051
48053
48055
48057
48059
48061
48063
48065
48067
48069
48071
48073
48075
48077
48079
48081
48083
48085
48087
48089
48091
48093
48095
48097
48099
48101
48103
48105
48107
48109
48111
48113
48115
48123
48117
48119
48121
48125
48127
48129
48131
48133
48135
48137
48141
48139
48143
48145
48147
48149
48151
48153
48155
48157
48159
48161
48163
48165
48167
48169
48171
48173
48175
48177
48179
48181
48183
48185
48187
48189
48191
48193
48195
48197
48199
48201
48203
48205
48207
48209
48211
48213
48215
48217
48219
48221
48223
48225
48227
48229
48231
48233
48235
48237
48239
48241
48243
48245
48247
48249
48251
48253
48255
48257
48259
48261
48263
48265
48267
48269
48271
48273
48275
48283
48277
48279
48281
48285
48287
48289
48291
48293
48295
48297
48299
48301
48303
48305
48313
48315
48317
48319
48321
48323
48307
48309
48311
48325
48327
48329
48331
48333
48335
48337
48339
48341
48343
48345
48347
48349
48351
48353
48355
48357
48359
48361
80048
48363
48365
48367
48369
48371
48373
48375
48377
48379
48381
48383
48385
48387
48389
48391
48393
48395
48397
48399
48401
48403
48405
48407
48409
48411
48413
48415
48417
48419
48421
48423
48425
48427
48429
48431
48433
48435
48437
48439
48441
48443
48445
48447
48449
48451
48453
48455
48457
90048
48459
48461
48463
48465
48467
48469
48471
48473
48475
48477
48479
48481
48483
48485
48487
48489
48491
48493
48495
48497
48499
48501
48503
48505
48507
49001
49003
49005
49007
49009
49011
49013
49015
49017
49019
49021
49023
49025
49027
49029
80049
49031
49033
49035
49037
49039
49041
49043
49045
49047
90049
49049
49051
49053
49055
49057
50001
50003
50005
50007
50009
50011
50013
50015
50017
50019
80050
50021
90050
50023
50025
50027
00078
51001
51003
51510
51005
51007
51009
51011
51013
51015
51017
51019
51021
51023
51520
51025
51027
51029
51530
51031
51033
51035
51036
51037
51540
51550
51041
51043
51570
51580
51045
51047
51049
51590
51051
51053
51595
51057
51059
51600
51610
51061
51063
51065
51067
51620
51069
51630
51640
51071
51073
51075
51077
51079
51081
51083
51650
51085
51660
51087
51089
51091
51670
51093
51095
51099
51101
51097
51103
51105
51678
51107
51109
51111
51680
51113
51683
51685
51690
51115
51117
51119
51121
51125
51127
51700
51710
51131
51133
51720
51135
51137
80051
51139
51141
51730
51143
51735
51740
51145
51147
51149
51153
51155
51750
51157
51159
51760
51161
51770
51163
51165
51167
51775
51169
51171
51173
51175
51177
51179
51790
51800
51181
51183
51185
90051
51810
51187
51191
51820
51193
51830
51840
51195
51197
51199
53001
53003
53005
53007
53009
53011
53013
53015
53017
53019
53021
53023
53025
53027
53029
53031
53033
53035
53037
53039
53041
53043
53045
53047
80053
53049
53051
53053
53055
53057
53059
53061
53063
53065
53067
90053
53069
53071
53073
53075
53077
54001
54003
54005
54007
54009
54011
54013
54015
54017
54019
54021
54023
54025
54027
54029
54031
54033
54035
54037
54039
54041
54043
54045
54049
54051
54053
54047
54055
54057
54059
54061
54063
54065
54067
54069
80054
54071
54073
54075
54077
54079
54081
54083
54085
54087
54089
54091
54093
54095
90054
54097
54099
54101
54103
54105
54107
54109
55001
55003
55005
55007
55009
55011
55013
55015
55017
55019
55021
55023
55025
55027
55029
55031
55033
55035
55037
55039
55041
55043
55045
55047
55049
55051
55053
55055
55057
55059
55061
55063
55065
55067
55069
55071
55073
55075
55077
55078
55079
55081
55083
55085
80055
55087
55089
55091
55093
55095
55097
55099
55101
55103
55105
55107
55111
55113
55115
55117
55109
55119
55121
90055
55123
55125
55127
55129
55131
55133
55135
55137
55139
55141
56001
56003
56005
56007
56009
56011
56013
56015
56017
56019
56021
56023
56025
56027
80056
56029
56031
56033
56035
56037
56039
56041
90056
56043
56045
Dumping all counties time series to file
/home/anna_user2/nvme/scratch/scratch.file: all_counties.json  262144 / 27087538.0  (0.97%)/home/anna_user2/nvme/scratch/scratch.file: all_counties.json  524288 / 27087538.0  (1.94%)/home/anna_user2/nvme/scratch/scratch.file: all_counties.json  786432 / 27087538.0  (2.90%)/home/anna_user2/nvme/scratch/scratch.file: all_counties.json  1048576 / 27087538.0  (3.87%)/home/anna_user2/nvme/scratch/scratch.file: all_counties.json  1310720 / 27087538.0  (4.84%)/home/anna_user2/nvme/scratch/scratch.file: all_counties.json  1572864 / 27087538.0  (5.81%)/home/anna_user2/nvme/scratch/scratch.file: all_counties.json  1835008 / 27087538.0  (6.77%)/home/anna_user2/nvme/scratch/scratch.file: all_counties.json  2097152 / 27087538.0  (7.74%)/home/anna_user2/nvme/scratch/scratch.file: all_counties.json  2359296 / 27087538.0  (8.71%)/home/anna_user2/nvme/scratch/scratch.file: all_counties.json  2621440 / 27087538.0  (9.68%)/home/anna_user2/nvme/scratch/scratch.file: all_counties.json  2883584 / 27087538.0  (10.65%)/home/anna_user2/nvme/scratch/scratch.file: all_counties.json  3145728 / 27087538.0  (11.61%)/home/anna_user2/nvme/scratch/scratch.file: all_counties.json  3407872 / 27087538.0  (12.58%)/home/anna_user2/nvme/scratch/scratch.file: all_counties.json  3670016 / 27087538.0  (13.55%)/home/anna_user2/nvme/scratch/scratch.file: all_counties.json  3756722 / 27087538.0  (13.87%)/home/anna_user2/nvme/scratch/scratch.file: all_counties.json  4018866 / 27087538.0  (14.84%)/home/anna_user2/nvme/scratch/scratch.file: all_counties.json  4281010 / 27087538.0  (15.80%)/home/anna_user2/nvme/scratch/scratch.file: all_counties.json  4543154 / 27087538.0  (16.77%)/home/anna_user2/nvme/scratch/scratch.file: all_counties.json  4805298 / 27087538.0  (17.74%)/home/anna_user2/nvme/scratch/scratch.file: all_counties.json  5067442 / 27087538.0  (18.71%)/home/anna_user2/nvme/scratch/scratch.file: all_counties.json  5329586 / 27087538.0  (19.68%)/home/anna_user2/nvme/scratch/scratch.file: all_counties.json  5591730 / 27087538.0  (20.64%)/home/anna_user2/nvme/scratch/scratch.file: all_counties.json  5853874 / 27087538.0  (21.61%)/home/anna_user2/nvme/scratch/scratch.file: all_counties.json  6116018 / 27087538.0  (22.58%)/home/anna_user2/nvme/scratch/scratch.file: all_counties.json  6378162 / 27087538.0  (23.55%)/home/anna_user2/nvme/scratch/scratch.file: all_counties.json  6640306 / 27087538.0  (24.51%)/home/anna_user2/nvme/scratch/scratch.file: all_counties.json  6902450 / 27087538.0  (25.48%)/home/anna_user2/nvme/scratch/scratch.file: all_counties.json  7164594 / 27087538.0  (26.45%)/home/anna_user2/nvme/scratch/scratch.file: all_counties.json  7426738 / 27087538.0  (27.42%)/home/anna_user2/nvme/scratch/scratch.file: all_counties.json  7688882 / 27087538.0  (28.39%)/home/anna_user2/nvme/scratch/scratch.file: all_counties.json  7951026 / 27087538.0  (29.35%)/home/anna_user2/nvme/scratch/scratch.file: all_counties.json  8213170 / 27087538.0  (30.32%)/home/anna_user2/nvme/scratch/scratch.file: all_counties.json  8475314 / 27087538.0  (31.29%)/home/anna_user2/nvme/scratch/scratch.file: all_counties.json  8737458 / 27087538.0  (32.26%)/home/anna_user2/nvme/scratch/scratch.file: all_counties.json  8999602 / 27087538.0  (33.22%)/home/anna_user2/nvme/scratch/scratch.file: all_counties.json  9261746 / 27087538.0  (34.19%)/home/anna_user2/nvme/scratch/scratch.file: all_counties.json  9523890 / 27087538.0  (35.16%)/home/anna_user2/nvme/scratch/scratch.file: all_counties.json  9786034 / 27087538.0  (36.13%)/home/anna_user2/nvme/scratch/scratch.file: all_counties.json  10048178 / 27087538.0  (37.10%)/home/anna_user2/nvme/scratch/scratch.file: all_counties.json  10310322 / 27087538.0  (38.06%)/home/anna_user2/nvme/scratch/scratch.file: all_counties.json  10572466 / 27087538.0  (39.03%)/home/anna_user2/nvme/scratch/scratch.file: all_counties.json  10834610 / 27087538.0  (40.00%)/home/anna_user2/nvme/scratch/scratch.file: all_counties.json  11096754 / 27087538.0  (40.97%)/home/anna_user2/nvme/scratch/scratch.file: all_counties.json  11358898 / 27087538.0  (41.93%)/home/anna_user2/nvme/scratch/scratch.file: all_counties.json  11621042 / 27087538.0  (42.90%)/home/anna_user2/nvme/scratch/scratch.file: all_counties.json  11883186 / 27087538.0  (43.87%)/home/anna_user2/nvme/scratch/scratch.file: all_counties.json  12145330 / 27087538.0  (44.84%)/home/anna_user2/nvme/scratch/scratch.file: all_counties.json  12407474 / 27087538.0  (45.81%)/home/anna_user2/nvme/scratch/scratch.file: all_counties.json  12669618 / 27087538.0  (46.77%)/home/anna_user2/nvme/scratch/scratch.file: all_counties.json  12931762 / 27087538.0  (47.74%)/home/anna_user2/nvme/scratch/scratch.file: all_counties.json  13193906 / 27087538.0  (48.71%)/home/anna_user2/nvme/scratch/scratch.file: all_counties.json  13456050 / 27087538.0  (49.68%)/home/anna_user2/nvme/scratch/scratch.file: all_counties.json  13718194 / 27087538.0  (50.64%)/home/anna_user2/nvme/scratch/scratch.file: all_counties.json  13980338 / 27087538.0  (51.61%)/home/anna_user2/nvme/scratch/scratch.file: all_counties.json  14242482 / 27087538.0  (52.58%)/home/anna_user2/nvme/scratch/scratch.file: all_counties.json  14504626 / 27087538.0  (53.55%)/home/anna_user2/nvme/scratch/scratch.file: all_counties.json  14766770 / 27087538.0  (54.51%)/home/anna_user2/nvme/scratch/scratch.file: all_counties.json  15028914 / 27087538.0  (55.48%)/home/anna_user2/nvme/scratch/scratch.file: all_counties.json  15291058 / 27087538.0  (56.45%)/home/anna_user2/nvme/scratch/scratch.file: all_counties.json  15553202 / 27087538.0  (57.42%)/home/anna_user2/nvme/scratch/scratch.file: all_counties.json  15815346 / 27087538.0  (58.39%)/home/anna_user2/nvme/scratch/scratch.file: all_counties.json  16077490 / 27087538.0  (59.35%)/home/anna_user2/nvme/scratch/scratch.file: all_counties.json  16339634 / 27087538.0  (60.32%)/home/anna_user2/nvme/scratch/scratch.file: all_counties.json  16601778 / 27087538.0  (61.29%)/home/anna_user2/nvme/scratch/scratch.file: all_counties.json  16863922 / 27087538.0  (62.26%)/home/anna_user2/nvme/scratch/scratch.file: all_counties.json  17126066 / 27087538.0  (63.22%)/home/anna_user2/nvme/scratch/scratch.file: all_counties.json  17388210 / 27087538.0  (64.19%)/home/anna_user2/nvme/scratch/scratch.file: all_counties.json  17650354 / 27087538.0  (65.16%)/home/anna_user2/nvme/scratch/scratch.file: all_counties.json  17912498 / 27087538.0  (66.13%)/home/anna_user2/nvme/scratch/scratch.file: all_counties.json  18174642 / 27087538.0  (67.10%)/home/anna_user2/nvme/scratch/scratch.file: all_counties.json  18436786 / 27087538.0  (68.06%)/home/anna_user2/nvme/scratch/scratch.file: all_counties.json  18698930 / 27087538.0  (69.03%)/home/anna_user2/nvme/scratch/scratch.file: all_counties.json  18961074 / 27087538.0  (70.00%)/home/anna_user2/nvme/scratch/scratch.file: all_counties.json  19223218 / 27087538.0  (70.97%)/home/anna_user2/nvme/scratch/scratch.file: all_counties.json  19485362 / 27087538.0  (71.93%)/home/anna_user2/nvme/scratch/scratch.file: all_counties.json  19747506 / 27087538.0  (72.90%)/home/anna_user2/nvme/scratch/scratch.file: all_counties.json  20009650 / 27087538.0  (73.87%)/home/anna_user2/nvme/scratch/scratch.file: all_counties.json  20271794 / 27087538.0  (74.84%)/home/anna_user2/nvme/scratch/scratch.file: all_counties.json  20533938 / 27087538.0  (75.81%)/home/anna_user2/nvme/scratch/scratch.file: all_counties.json  20796082 / 27087538.0  (76.77%)/home/anna_user2/nvme/scratch/scratch.file: all_counties.json  21058226 / 27087538.0  (77.74%)/home/anna_user2/nvme/scratch/scratch.file: all_counties.json  21320370 / 27087538.0  (78.71%)/home/anna_user2/nvme/scratch/scratch.file: all_counties.json  21582514 / 27087538.0  (79.68%)/home/anna_user2/nvme/scratch/scratch.file: all_counties.json  21844658 / 27087538.0  (80.64%)/home/anna_user2/nvme/scratch/scratch.file: all_counties.json  22106802 / 27087538.0  (81.61%)/home/anna_user2/nvme/scratch/scratch.file: all_counties.json  22368946 / 27087538.0  (82.58%)/home/anna_user2/nvme/scratch/scratch.file: all_counties.json  22631090 / 27087538.0  (83.55%)/home/anna_user2/nvme/scratch/scratch.file: all_counties.json  22893234 / 27087538.0  (84.52%)/home/anna_user2/nvme/scratch/scratch.file: all_counties.json  23155378 / 27087538.0  (85.48%)/home/anna_user2/nvme/scratch/scratch.file: all_counties.json  23417522 / 27087538.0  (86.45%)/home/anna_user2/nvme/scratch/scratch.file: all_counties.json  23679666 / 27087538.0  (87.42%)/home/anna_user2/nvme/scratch/scratch.file: all_counties.json  23941810 / 27087538.0  (88.39%)/home/anna_user2/nvme/scratch/scratch.file: all_counties.json  24203954 / 27087538.0  (89.35%)/home/anna_user2/nvme/scratch/scratch.file: all_counties.json  24466098 / 27087538.0  (90.32%)/home/anna_user2/nvme/scratch/scratch.file: all_counties.json  24728242 / 27087538.0  (91.29%)/home/anna_user2/nvme/scratch/scratch.file: all_counties.json  24990386 / 27087538.0  (92.26%)/home/anna_user2/nvme/scratch/scratch.file: all_counties.json  25252530 / 27087538.0  (93.23%)/home/anna_user2/nvme/scratch/scratch.file: all_counties.json  25514674 / 27087538.0  (94.19%)/home/anna_user2/nvme/scratch/scratch.file: all_counties.json  25776818 / 27087538.0  (95.16%)/home/anna_user2/nvme/scratch/scratch.file: all_counties.json  26038962 / 27087538.0  (96.13%)/home/anna_user2/nvme/scratch/scratch.file: all_counties.json  26301106 / 27087538.0  (97.10%)/home/anna_user2/nvme/scratch/scratch.file: all_counties.json  26563250 / 27087538.0  (98.06%)/home/anna_user2/nvme/scratch/scratch.file: all_counties.json  26825394 / 27087538.0  (99.03%)/home/anna_user2/nvme/scratch/scratch.file: all_counties.json  27087538 / 27087538.0  (100.00%)making and uploading county 30 day fatalities
/home/anna_user2/nvme/scratch/scratch.file: 01  262144 / 507039.0  (51.70%)/home/anna_user2/nvme/scratch/scratch.file: 01  507039 / 507039.0  (100.00%)/home/anna_user2/nvme/scratch/scratch.file: 02  262144 / 469338.0  (55.85%)/home/anna_user2/nvme/scratch/scratch.file: 02  469338 / 469338.0  (100.00%)/home/anna_user2/nvme/scratch/scratch.file: 04  253611 / 253611.0  (100.00%)/home/anna_user2/nvme/scratch/scratch.file: 05  262144 / 566029.0  (46.31%)/home/anna_user2/nvme/scratch/scratch.file: 05  524288 / 566029.0  (92.63%)/home/anna_user2/nvme/scratch/scratch.file: 05  566029 / 566029.0  (100.00%)/home/anna_user2/nvme/scratch/scratch.file: 06  262144 / 978744.0  (26.78%)/home/anna_user2/nvme/scratch/scratch.file: 06  524288 / 978744.0  (53.57%)/home/anna_user2/nvme/scratch/scratch.file: 06  786432 / 978744.0  (80.35%)/home/anna_user2/nvme/scratch/scratch.file: 06  978744 / 978744.0  (100.00%)/home/anna_user2/nvme/scratch/scratch.file: 08  262144 / 485962.0  (53.94%)/home/anna_user2/nvme/scratch/scratch.file: 08  485962 / 485962.0  (100.00%)/home/anna_user2/nvme/scratch/scratch.file: 09  55523 / 55523.0  (100.00%)/home/anna_user2/nvme/scratch/scratch.file: 10  24876 / 24876.0  (100.00%)/home/anna_user2/nvme/scratch/scratch.file: 11  3805 / 3805.0  (100.00%)/home/anna_user2/nvme/scratch/scratch.file: 12  262144 / 595072.0  (44.05%)/home/anna_user2/nvme/scratch/scratch.file: 12  524288 / 595072.0  (88.10%)/home/anna_user2/nvme/scratch/scratch.file: 12  595072 / 595072.0  (100.00%)/home/anna_user2/nvme/scratch/scratch.file: 13  262144 / 1019166.0  (25.72%)/home/anna_user2/nvme/scratch/scratch.file: 13  524288 / 1019166.0  (51.44%)/home/anna_user2/nvme/scratch/scratch.file: 13  786432 / 1019166.0  (77.16%)/home/anna_user2/nvme/scratch/scratch.file: 13  1019166 / 1019166.0  (100.00%)/home/anna_user2/nvme/scratch/scratch.file: 15  58227 / 58227.0  (100.00%)/home/anna_user2/nvme/scratch/scratch.file: 16  262144 / 475210.0  (55.16%)/home/anna_user2/nvme/scratch/scratch.file: 16  475210 / 475210.0  (100.00%)/home/anna_user2/nvme/scratch/scratch.file: 17  262144 / 468922.0  (55.90%)/home/anna_user2/nvme/scratch/scratch.file: 17  468922 / 468922.0  (100.00%)/home/anna_user2/nvme/scratch/scratch.file: 18  262144 / 316300.0  (82.88%)/home/anna_user2/nvme/scratch/scratch.file: 18  316300 / 316300.0  (100.00%)/home/anna_user2/nvme/scratch/scratch.file: 19  258310 / 258310.0  (100.00%)/home/anna_user2/nvme/scratch/scratch.file: 20  256963 / 256963.0  (100.00%)/home/anna_user2/nvme/scratch/scratch.file: 21  262144 / 967690.0  (27.09%)/home/anna_user2/nvme/scratch/scratch.file: 21  524288 / 967690.0  (54.18%)/home/anna_user2/nvme/scratch/scratch.file: 21  786432 / 967690.0  (81.27%)/home/anna_user2/nvme/scratch/scratch.file: 21  967690 / 967690.0  (100.00%)/home/anna_user2/nvme/scratch/scratch.file: 22  262144 / 658792.0  (39.79%)/home/anna_user2/nvme/scratch/scratch.file: 22  524288 / 658792.0  (79.58%)/home/anna_user2/nvme/scratch/scratch.file: 22  658792 / 658792.0  (100.00%)/home/anna_user2/nvme/scratch/scratch.file: 23  223036 / 223036.0  (100.00%)/home/anna_user2/nvme/scratch/scratch.file: 24  262144 / 266230.0  (98.47%)/home/anna_user2/nvme/scratch/scratch.file: 24  266230 / 266230.0  (100.00%)/home/anna_user2/nvme/scratch/scratch.file: 25  145131 / 145131.0  (100.00%)/home/anna_user2/nvme/scratch/scratch.file: 26  262144 / 430832.0  (60.85%)/home/anna_user2/nvme/scratch/scratch.file: 26  430832 / 430832.0  (100.00%)/home/anna_user2/nvme/scratch/scratch.file: 27  262144 / 447708.0  (58.55%)/home/anna_user2/nvme/scratch/scratch.file: 27  447708 / 447708.0  (100.00%)/home/anna_user2/nvme/scratch/scratch.file: 28  262144 / 422017.0  (62.12%)/home/anna_user2/nvme/scratch/scratch.file: 28  422017 / 422017.0  (100.00%)/home/anna_user2/nvme/scratch/scratch.file: 29  262144 / 516255.0  (50.78%)/home/anna_user2/nvme/scratch/scratch.file: 29  516255 / 516255.0  (100.00%)/home/anna_user2/nvme/scratch/scratch.file: 30  262144 / 633616.0  (41.37%)/home/anna_user2/nvme/scratch/scratch.file: 30  524288 / 633616.0  (82.75%)/home/anna_user2/nvme/scratch/scratch.file: 30  633616 / 633616.0  (100.00%)/home/anna_user2/nvme/scratch/scratch.file: 31  262144 / 278103.0  (94.26%)/home/anna_user2/nvme/scratch/scratch.file: 31  278103 / 278103.0  (100.00%)/home/anna_user2/nvme/scratch/scratch.file: 32  102222 / 102222.0  (100.00%)/home/anna_user2/nvme/scratch/scratch.file: 33  67280 / 67280.0  (100.00%)/home/anna_user2/nvme/scratch/scratch.file: 34  211549 / 211549.0  (100.00%)/home/anna_user2/nvme/scratch/scratch.file: 35  169320 / 169320.0  (100.00%)/home/anna_user2/nvme/scratch/scratch.file: 36  262144 / 445340.0  (58.86%)/home/anna_user2/nvme/scratch/scratch.file: 36  445340 / 445340.0  (100.00%)/home/anna_user2/nvme/scratch/scratch.file: 37  262144 / 775723.0  (33.79%)/home/anna_user2/nvme/scratch/scratch.file: 37  524288 / 775723.0  (67.59%)/home/anna_user2/nvme/scratch/scratch.file: 37  775723 / 775723.0  (100.00%)/home/anna_user2/nvme/scratch/scratch.file: 38  262144 / 272357.0  (96.25%)/home/anna_user2/nvme/scratch/scratch.file: 38  272357 / 272357.0  (100.00%)/home/anna_user2/nvme/scratch/scratch.file: 39  262144 / 325357.0  (80.57%)/home/anna_user2/nvme/scratch/scratch.file: 39  325357 / 325357.0  (100.00%)/home/anna_user2/nvme/scratch/scratch.file: 40  262144 / 391563.0  (66.95%)/home/anna_user2/nvme/scratch/scratch.file: 40  391563 / 391563.0  (100.00%)/home/anna_user2/nvme/scratch/scratch.file: 41  262144 / 350222.0  (74.85%)/home/anna_user2/nvme/scratch/scratch.file: 41  350222 / 350222.0  (100.00%)/home/anna_user2/nvme/scratch/scratch.file: 42  262144 / 435444.0  (60.20%)/home/anna_user2/nvme/scratch/scratch.file: 42  435444 / 435444.0  (100.00%)/home/anna_user2/nvme/scratch/scratch.file: 44  25023 / 25023.0  (100.00%)/home/anna_user2/nvme/scratch/scratch.file: 45  262144 / 530220.0  (49.44%)/home/anna_user2/nvme/scratch/scratch.file: 45  524288 / 530220.0  (98.88%)/home/anna_user2/nvme/scratch/scratch.file: 45  530220 / 530220.0  (100.00%)/home/anna_user2/nvme/scratch/scratch.file: 46  262144 / 305067.0  (85.93%)/home/anna_user2/nvme/scratch/scratch.file: 46  305067 / 305067.0  (100.00%)/home/anna_user2/nvme/scratch/scratch.file: 47  262144 / 726568.0  (36.08%)/home/anna_user2/nvme/scratch/scratch.file: 47  524288 / 726568.0  (72.16%)/home/anna_user2/nvme/scratch/scratch.file: 47  726568 / 726568.0  (100.00%)/home/anna_user2/nvme/scratch/scratch.file: 48  262144 / 1564632.0  (16.75%)/home/anna_user2/nvme/scratch/scratch.file: 48  524288 / 1564632.0  (33.51%)/home/anna_user2/nvme/scratch/scratch.file: 48  786432 / 1564632.0  (50.26%)/home/anna_user2/nvme/scratch/scratch.file: 48  1048576 / 1564632.0  (67.02%)/home/anna_user2/nvme/scratch/scratch.file: 48  1310720 / 1564632.0  (83.77%)/home/anna_user2/nvme/scratch/scratch.file: 48  1564632 / 1564632.0  (100.00%)/home/anna_user2/nvme/scratch/scratch.file: 49  262144 / 345363.0  (75.90%)/home/anna_user2/nvme/scratch/scratch.file: 49  345363 / 345363.0  (100.00%)/home/anna_user2/nvme/scratch/scratch.file: 50  69323 / 69323.0  (100.00%)/home/anna_user2/nvme/scratch/scratch.file: 51  262144 / 952719.0  (27.52%)/home/anna_user2/nvme/scratch/scratch.file: 51  524288 / 952719.0  (55.03%)/home/anna_user2/nvme/scratch/scratch.file: 51  786432 / 952719.0  (82.55%)/home/anna_user2/nvme/scratch/scratch.file: 51  952719 / 952719.0  (100.00%)/home/anna_user2/nvme/scratch/scratch.file: 53  262144 / 459082.0  (57.10%)/home/anna_user2/nvme/scratch/scratch.file: 53  459082 / 459082.0  (100.00%)/home/anna_user2/nvme/scratch/scratch.file: 54  262144 / 472504.0  (55.48%)/home/anna_user2/nvme/scratch/scratch.file: 54  472504 / 472504.0  (100.00%)/home/anna_user2/nvme/scratch/scratch.file: 55  262144 / 361075.0  (72.60%)/home/anna_user2/nvme/scratch/scratch.file: 55  361075 / 361075.0  (100.00%)/home/anna_user2/nvme/scratch/scratch.file: 56  131541 / 131541.0  (100.00%)
uploaded county 30 day fatalties 2020-09-27 00:00:00 to 2020-10-27 00:00:00
0
59
states features date range 2020-09-27 00:00:00 2020-10-27 00:00:00
pushing states features
states features pushed
AFG
ALB
DZA
AND
AGO
ATG
ARG
ARM
AUS
AUT
AZE
BHR
BGD
BRB
BLR
BEL
BLZ
BEN
BTN
BOL
BIH
BWA
BRA
BRN
BGR
BFA
MMR
BDI
CPV
KHM
CMR
CAN
CAF
TCD
CHL
CHN
COL
COM
COG
COD
CRI
CIV
HRV
CUB
CYP
CZE
DNK
DJI
DMA
DOM
ECU
EGY
SLV
GNQ
EST
SWZ
ETH
FJI
FIN
FRA
GAB
GMB
GEO
DEU
GHA
GRC
GRD
GTM
GIN
GNB
GUY
HTI
HND
HUN
ISL
IND
IDN
IRN
IRQ
IRL
ISR
ITA
JAM
JPN
JOR
KAZ
KEN
KOR
XKX
KWT
KGZ
LAO
LVA
LBN
LSO
LBR
LBY
LIE
LTU
LUX
MDG
MWI
MYS
MDV
MLI
MLT
MRT
MUS
MEX
MDA
MCO
MNG
MNE
MAR
MOZ
NAM
NPL
NLD
NZL
NIC
NER
NGA
MKD
NOR
OMN
PAK
PAN
PNG
PRY
PER
PHL
POL
PRT
QAT
ROU
RUS
RWA
KNA
LCA
VCT
SMR
STP
SAU
SEN
SRB
SYC
SLE
SGP
SVK
SVN
SLB
SOM
ZAF
SSD
ESP
LKA
SDN
SUR
SWE
CHE
SYR
TJK
TZA
THA
TLS
TGO
TTO
TUN
TUR
UGA
UKR
ARE
GBR
URY
UZB
VEN
VNM
PSE
YEM
ZMB
ZWE
USA
/home/anna_user2/nvme/scratch/scratch.file: all.json  262144 / 628419.0  (41.71%)/home/anna_user2/nvme/scratch/scratch.file: all.json  524288 / 628419.0  (83.43%)/home/anna_user2/nvme/scratch/scratch.file: all.json  628419 / 628419.0  (100.00%)world features uploaded
/home/anna_user2/nvme/scratch/scratch.file: BLZ  8193 / 8193.0  (100.00%)/home/anna_user2/nvme/scratch/scratch.file: CAN  8450 / 8450.0  (100.00%)/home/anna_user2/nvme/scratch/scratch.file: CRI  8274 / 8274.0  (100.00%)/home/anna_user2/nvme/scratch/scratch.file: CUB  8291 / 8291.0  (100.00%)/home/anna_user2/nvme/scratch/scratch.file: DOM  8361 / 8361.0  (100.00%)/home/anna_user2/nvme/scratch/scratch.file: GTM  8374 / 8374.0  (100.00%)/home/anna_user2/nvme/scratch/scratch.file: HND  8377 / 8377.0  (100.00%)/home/anna_user2/nvme/scratch/scratch.file: HTI  8277 / 8277.0  (100.00%)/home/anna_user2/nvme/scratch/scratch.file: JAM  8227 / 8227.0  (100.00%)/home/anna_user2/nvme/scratch/scratch.file: MEX  8418 / 8418.0  (100.00%)/home/anna_user2/nvme/scratch/scratch.file: NIC  8247 / 8247.0  (100.00%)/home/anna_user2/nvme/scratch/scratch.file: PAN  8414 / 8414.0  (100.00%)/home/anna_user2/nvme/scratch/scratch.file: SLV  8340 / 8340.0  (100.00%)/home/anna_user2/nvme/scratch/scratch.file: TTO  8292 / 8292.0  (100.00%)/home/anna_user2/nvme/scratch/scratch.file: USA  8459 / 8459.0  (100.00%)/home/anna_user2/nvme/scratch/scratch.file: ARG  8365 / 8365.0  (100.00%)/home/anna_user2/nvme/scratch/scratch.file: BOL  8394 / 8394.0  (100.00%)/home/anna_user2/nvme/scratch/scratch.file: BRA  8437 / 8437.0  (100.00%)/home/anna_user2/nvme/scratch/scratch.file: CHL  8421 / 8421.0  (100.00%)/home/anna_user2/nvme/scratch/scratch.file: COL  8393 / 8393.0  (100.00%)/home/anna_user2/nvme/scratch/scratch.file: ECU  8452 / 8452.0  (100.00%)/home/anna_user2/nvme/scratch/scratch.file: PER  8464 / 8464.0  (100.00%)/home/anna_user2/nvme/scratch/scratch.file: GUY  8291 / 8291.0  (100.00%)/home/anna_user2/nvme/scratch/scratch.file: PRY  8325 / 8325.0  (100.00%)/home/anna_user2/nvme/scratch/scratch.file: SUR  8347 / 8347.0  (100.00%)/home/anna_user2/nvme/scratch/scratch.file: VEN  8281 / 8281.0  (100.00%)/home/anna_user2/nvme/scratch/scratch.file: URY  8279 / 8279.0  (100.00%)/home/anna_user2/nvme/scratch/scratch.file: AFG  8285 / 8285.0  (100.00%)/home/anna_user2/nvme/scratch/scratch.file: ARE  8281 / 8281.0  (100.00%)/home/anna_user2/nvme/scratch/scratch.file: ARM  8411 / 8411.0  (100.00%)/home/anna_user2/nvme/scratch/scratch.file: AZE  8270 / 8270.0  (100.00%)/home/anna_user2/nvme/scratch/scratch.file: BGD  8273 / 8273.0  (100.00%)/home/anna_user2/nvme/scratch/scratch.file: BRN  8276 / 8276.0  (100.00%)/home/anna_user2/nvme/scratch/scratch.file: CHN  8269 / 8269.0  (100.00%)/home/anna_user2/nvme/scratch/scratch.file: CYP  8238 / 8238.0  (100.00%)/home/anna_user2/nvme/scratch/scratch.file: GEO  8269 / 8269.0  (100.00%)/home/anna_user2/nvme/scratch/scratch.file: IDN  8273 / 8273.0  (100.00%)/home/anna_user2/nvme/scratch/scratch.file: IRN  8421 / 8421.0  (100.00%)/home/anna_user2/nvme/scratch/scratch.file: IND  8277 / 8277.0  (100.00%)/home/anna_user2/nvme/scratch/scratch.file: IRQ  8377 / 8377.0  (100.00%)/home/anna_user2/nvme/scratch/scratch.file: ISR  8343 / 8343.0  (100.00%)/home/anna_user2/nvme/scratch/scratch.file: JOR  8290 / 8290.0  (100.00%)/home/anna_user2/nvme/scratch/scratch.file: JPN  8272 / 8272.0  (100.00%)/home/anna_user2/nvme/scratch/scratch.file: KAZ  8281 / 8281.0  (100.00%)/home/anna_user2/nvme/scratch/scratch.file: KGZ  8376 / 8376.0  (100.00%)/home/anna_user2/nvme/scratch/scratch.file: KOR  8277 / 8277.0  (100.00%)/home/anna_user2/nvme/scratch/scratch.file: KWT  8368 / 8368.0  (100.00%)/home/anna_user2/nvme/scratch/scratch.file: LBN  8280 / 8280.0  (100.00%)/home/anna_user2/nvme/scratch/scratch.file: LKA  8251 / 8251.0  (100.00%)/home/anna_user2/nvme/scratch/scratch.file: MMR  8289 / 8289.0  (100.00%)/home/anna_user2/nvme/scratch/scratch.file: MYS  8227 / 8227.0  (100.00%)/home/anna_user2/nvme/scratch/scratch.file: OMN  8352 / 8352.0  (100.00%)/home/anna_user2/nvme/scratch/scratch.file: PAK  8276 / 8276.0  (100.00%)/home/anna_user2/nvme/scratch/scratch.file: PHL  8274 / 8274.0  (100.00%)/home/anna_user2/nvme/scratch/scratch.file: QAT  8262 / 8262.0  (100.00%)/home/anna_user2/nvme/scratch/scratch.file: SAU  8347 / 8347.0  (100.00%)/home/anna_user2/nvme/scratch/scratch.file: SYR  8285 / 8285.0  (100.00%)/home/anna_user2/nvme/scratch/scratch.file: THA  8296 / 8296.0  (100.00%)/home/anna_user2/nvme/scratch/scratch.file: TJK  8252 / 8252.0  (100.00%)/home/anna_user2/nvme/scratch/scratch.file: TUR  8302 / 8302.0  (100.00%)/home/anna_user2/nvme/scratch/scratch.file: UZB  8264 / 8264.0  (100.00%)/home/anna_user2/nvme/scratch/scratch.file: YEM  8263 / 8263.0  (100.00%)/home/anna_user2/nvme/scratch/scratch.file: AGO  8265 / 8265.0  (100.00%)/home/anna_user2/nvme/scratch/scratch.file: BDI  8296 / 8296.0  (100.00%)/home/anna_user2/nvme/scratch/scratch.file: BEN  8291 / 8291.0  (100.00%)/home/anna_user2/nvme/scratch/scratch.file: BFA  8274 / 8274.0  (100.00%)/home/anna_user2/nvme/scratch/scratch.file: BWA  8290 / 8290.0  (100.00%)/home/anna_user2/nvme/scratch/scratch.file: CIV  8285 / 8285.0  (100.00%)/home/anna_user2/nvme/scratch/scratch.file: CMR  8294 / 8294.0  (100.00%)/home/anna_user2/nvme/scratch/scratch.file: COG  8272 / 8272.0  (100.00%)/home/anna_user2/nvme/scratch/scratch.file: COD  8278 / 8278.0  (100.00%)/home/anna_user2/nvme/scratch/scratch.file: DJI  8293 / 8293.0  (100.00%)/home/anna_user2/nvme/scratch/scratch.file: DZA  8274 / 8274.0  (100.00%)/home/anna_user2/nvme/scratch/scratch.file: EGY  8277 / 8277.0  (100.00%)/home/anna_user2/nvme/scratch/scratch.file: GAB  8285 / 8285.0  (100.00%)/home/anna_user2/nvme/scratch/scratch.file: GHA  8277 / 8277.0  (100.00%)/home/anna_user2/nvme/scratch/scratch.file: ETH  8265 / 8265.0  (100.00%)/home/anna_user2/nvme/scratch/scratch.file: GIN  8279 / 8279.0  (100.00%)/home/anna_user2/nvme/scratch/scratch.file: GMB  8286 / 8286.0  (100.00%)/home/anna_user2/nvme/scratch/scratch.file: GNB  8267 / 8267.0  (100.00%)/home/anna_user2/nvme/scratch/scratch.file: GNQ  8264 / 8264.0  (100.00%)/home/anna_user2/nvme/scratch/scratch.file: KEN  8276 / 8276.0  (100.00%)/home/anna_user2/nvme/scratch/scratch.file: LBR  8276 / 8276.0  (100.00%)/home/anna_user2/nvme/scratch/scratch.file: MAR  8281 / 8281.0  (100.00%)/home/anna_user2/nvme/scratch/scratch.file: LBY  8298 / 8298.0  (100.00%)/home/anna_user2/nvme/scratch/scratch.file: MLI  8254 / 8254.0  (100.00%)/home/anna_user2/nvme/scratch/scratch.file: MRT  8281 / 8281.0  (100.00%)/home/anna_user2/nvme/scratch/scratch.file: MWI  8288 / 8288.0  (100.00%)/home/anna_user2/nvme/scratch/scratch.file: NGA  8277 / 8277.0  (100.00%)/home/anna_user2/nvme/scratch/scratch.file: SDN  8288 / 8288.0  (100.00%)/home/anna_user2/nvme/scratch/scratch.file: SEN  8272 / 8272.0  (100.00%)/home/anna_user2/nvme/scratch/scratch.file: SLE  8268 / 8268.0  (100.00%)/home/anna_user2/nvme/scratch/scratch.file: SOM  8289 / 8289.0  (100.00%)/home/anna_user2/nvme/scratch/scratch.file: TCD  8281 / 8281.0  (100.00%)/home/anna_user2/nvme/scratch/scratch.file: SWZ  8225 / 8225.0  (100.00%)/home/anna_user2/nvme/scratch/scratch.file: TGO  8258 / 8258.0  (100.00%)/home/anna_user2/nvme/scratch/scratch.file: TUN  8285 / 8285.0  (100.00%)/home/anna_user2/nvme/scratch/scratch.file: TZA  8296 / 8296.0  (100.00%)/home/anna_user2/nvme/scratch/scratch.file: ZAF  8372 / 8372.0  (100.00%)/home/anna_user2/nvme/scratch/scratch.file: ZMB  8285 / 8285.0  (100.00%)/home/anna_user2/nvme/scratch/scratch.file: ALB  8342 / 8342.0  (100.00%)/home/anna_user2/nvme/scratch/scratch.file: AUT  8291 / 8291.0  (100.00%)/home/anna_user2/nvme/scratch/scratch.file: BEL  8461 / 8461.0  (100.00%)/home/anna_user2/nvme/scratch/scratch.file: BGR  8321 / 8321.0  (100.00%)/home/anna_user2/nvme/scratch/scratch.file: BIH  8362 / 8362.0  (100.00%)/home/anna_user2/nvme/scratch/scratch.file: BLR  8282 / 8282.0  (100.00%)/home/anna_user2/nvme/scratch/scratch.file: CHE  8452 / 8452.0  (100.00%)/home/anna_user2/nvme/scratch/scratch.file: CZE  8284 / 8284.0  (100.00%)/home/anna_user2/nvme/scratch/scratch.file: DEU  8435 / 8435.0  (100.00%)/home/anna_user2/nvme/scratch/scratch.file: DNK  8420 / 8420.0  (100.00%)/home/anna_user2/nvme/scratch/scratch.file: FIN  8291 / 8291.0  (100.00%)/home/anna_user2/nvme/scratch/scratch.file: EST  8267 / 8267.0  (100.00%)/home/anna_user2/nvme/scratch/scratch.file: ESP  8452 / 8452.0  (100.00%)/home/anna_user2/nvme/scratch/scratch.file: FRA  8460 / 8460.0  (100.00%)/home/anna_user2/nvme/scratch/scratch.file: GBR  8455 / 8455.0  (100.00%)/home/anna_user2/nvme/scratch/scratch.file: GRC  8257 / 8257.0  (100.00%)/home/anna_user2/nvme/scratch/scratch.file: HRV  8280 / 8280.0  (100.00%)/home/anna_user2/nvme/scratch/scratch.file: HUN  8306 / 8306.0  (100.00%)/home/anna_user2/nvme/scratch/scratch.file: IRL  8462 / 8462.0  (100.00%)/home/anna_user2/nvme/scratch/scratch.file: ISL  8296 / 8296.0  (100.00%)/home/anna_user2/nvme/scratch/scratch.file: ITA  8454 / 8454.0  (100.00%)/home/anna_user2/nvme/scratch/scratch.file: LTU  8263 / 8263.0  (100.00%)/home/anna_user2/nvme/scratch/scratch.file: LUX  8471 / 8471.0  (100.00%)/home/anna_user2/nvme/scratch/scratch.file: LVA  8272 / 8272.0  (100.00%)/home/anna_user2/nvme/scratch/scratch.file: MDA  8434 / 8434.0  (100.00%)/home/anna_user2/nvme/scratch/scratch.file: MKD  8401 / 8401.0  (100.00%)/home/anna_user2/nvme/scratch/scratch.file: MNE  8305 / 8305.0  (100.00%)/home/anna_user2/nvme/scratch/scratch.file: NLD  8460 / 8460.0  (100.00%)/home/anna_user2/nvme/scratch/scratch.file: NOR  8283 / 8283.0  (100.00%)/home/anna_user2/nvme/scratch/scratch.file: POL  8278 / 8278.0  (100.00%)/home/anna_user2/nvme/scratch/scratch.file: PRT  8460 / 8460.0  (100.00%)/home/anna_user2/nvme/scratch/scratch.file: ROU  8384 / 8384.0  (100.00%)/home/anna_user2/nvme/scratch/scratch.file: RUS  8350 / 8350.0  (100.00%)/home/anna_user2/nvme/scratch/scratch.file: SRB  8342 / 8342.0  (100.00%)/home/anna_user2/nvme/scratch/scratch.file: SVN  8276 / 8276.0  (100.00%)/home/anna_user2/nvme/scratch/scratch.file: SWE  8457 / 8457.0  (100.00%)/home/anna_user2/nvme/scratch/scratch.file: SVK  8281 / 8281.0  (100.00%)/home/anna_user2/nvme/scratch/scratch.file: UKR  8302 / 8302.0  (100.00%)/home/anna_user2/nvme/scratch/scratch.file: AUS  8277 / 8277.0  (100.00%)/home/anna_user2/nvme/scratch/scratch.file: NZL  8296 / 8296.0  (100.00%)Completed 2.7 KiB/2.7 KiB (10.0 KiB/s) with 1 file(s) remainingupload: ../js/barchart.js to s3://phoenix-technical-services.com/js/barchart.js
